321.31
321.55
321.79
322.03
322.27
322.51
322.75
322.99
323.22
323.46
323.70
323.94
324.18
324.42
324.66
324.90
325.14
325.37
325.61
325.85
326.09
326.33
326.57
326.81
327.05
327.28
327.52
327.76
328.00
328.24
328.48
328.72
328.96
329.19
329.43
329.67
329.91
330.15
330.39
330.63
330.87
331.11
331.34
331.58
331.82
332.06
332.30
332.54
332.78
333.02
333.25
333.49
333.73
333.97
334.21
334.45
334.69
334.93
335.16
335.40
335.64
335.88
336.12
336.36
336.60
336.84
337.08
337.31
337.55
337.79
338.03
338.27
338.51
338.75
338.99
339.22
339.46
339.70
339.94
340.18
340.42
340.66
340.90
341.13
341.37
341.61
341.85
342.09
342.33
342.57
342.81
343.05
343.28
343.52
343.76
344.00
344.24
344.48
344.72
344.96
345.19
345.43
345.67
345.91
346.15
346.39
346.63
346.87
347.10
347.34
347.58
347.82
348.06
348.30
348.54
348.78
349.02
349.25
349.49
349.73
349.97
350.21
350.45
350.69
350.93
351.16
351.40
351.64
351.88
352.12
352.36
352.60
352.84
353.07
353.31
353.55
353.79
354.03
354.27
354.51
354.75
354.99
355.22
355.46
355.70
355.94
356.18
356.42
356.66
356.90
357.13
357.37
357.61
357.85
358.09
358.33
358.57
358.81
359.04
359.28
359.52
359.76
360.00
360.24
360.48
360.72
360.96
361.19
361.43
361.67
361.91
362.15
362.39
362.63
362.87
363.10
363.34
363.58
363.82
364.06
364.30
364.54
364.78
365.02
365.25
365.49
365.73
365.97
366.21
366.45
366.69
366.93
367.16
367.40
367.64
367.88
368.12
368.36
368.60
368.84
369.07
369.31
369.55
369.79
370.03
370.27
370.51
370.75
370.99
371.22
371.46
371.70
371.94
372.18
372.42
372.66
372.90
373.13
373.37
373.61
373.85
374.09
374.33
374.57
374.81
375.04
375.28
375.52
375.76
376.00
376.24
376.48
376.72
376.96
377.19
377.43
377.67
377.91
378.15
378.39
378.63
378.87
379.10
379.34
379.58
379.82
380.06
380.30
380.54
380.78
381.01
381.25
381.49
381.73
381.97
382.21
382.45
382.69
382.93
383.16
383.40
383.64
383.88
384.12
384.36
384.60
384.84
385.07
385.31
385.55
385.79
386.03
386.27
386.51
386.75
386.98
387.22
387.46
387.70
387.94
388.18
388.42
388.66
388.90
389.13
389.37
389.61
389.85
390.09
390.33
390.57
390.81
391.04
391.28
391.52
391.76
392.00
392.24
392.48
392.72
392.95
393.19
393.43
393.67
393.91
394.15
394.39
394.63
394.87
395.10
395.34
395.58
395.82
396.06
396.30
396.54
396.78
397.01
397.25
397.49
397.73
397.97
398.21
398.45
398.69
398.92
399.16
399.40
399.64
399.88
400.12
400.36
400.60
400.84
401.07
401.31
401.55
401.79
402.03
402.27
402.51
402.75
402.98
403.22
403.46
403.70
403.94
404.18
404.42
404.66
404.89
405.13
405.36
405.60
405.84
406.07
406.31
406.55
406.78
407.02
407.25
407.49
407.73
407.96
408.20
408.44
408.67
408.91
409.14
409.38
409.62
409.85
410.09
410.32
410.56
410.80
411.03
411.27
411.51
411.74
411.98
412.21
412.45
412.69
412.92
413.16
413.40
413.63
413.87
414.10
414.34
414.58
414.81
415.05
415.28
415.52
415.76
415.99
416.23
416.47
416.70
416.94
417.17
417.41
417.65
417.88
418.12
418.35
418.59
418.83
419.06
419.30
419.54
419.77
420.01
420.24
420.48
420.72
420.95
421.19
421.43
421.66
421.90
422.13
422.37
422.61
422.84
423.08
423.31
423.55
423.79
424.02
424.26
424.50
424.73
424.97
425.20
425.44
425.68
425.91
426.15
426.39
426.62
426.86
427.09
427.33
427.57
427.80
428.04
428.27
428.51
428.75
428.98
429.22
429.46
429.69
429.93
430.16
430.40
430.64
430.87
431.11
431.35
431.58
431.82
432.05
432.29
432.53
432.76
433.00
433.23
433.47
433.71
433.94
434.18
434.42
434.65
434.89
435.12
435.36
435.60
435.83
436.06
436.29
436.52
436.74
436.97
437.20
437.43
437.66
437.88
438.11
438.34
438.57
438.79
439.02
439.25
439.48
439.71
439.93
440.16
440.39
440.62
440.84
441.07
441.30
441.53
441.76
441.98
442.21
442.44
442.67
442.89
443.12
443.35
443.58
443.80
444.03
444.26
444.49
444.72
444.94
445.17
445.40
445.63
445.85
446.08
446.31
446.54
446.77
446.99
447.22
447.45
447.68
447.90
448.13
448.36
448.59
448.82
449.04
449.27
449.50
449.73
449.95
450.18
450.41
450.64
450.87
451.09
451.32
451.55
451.78
452.00
452.23
452.46
452.69
452.92
453.14
453.37
453.60
453.83
454.05
454.28
454.51
454.74
454.97
455.19
455.42
455.65
455.88
456.10
456.33
456.56
456.79
457.02
457.24
457.47
457.70
457.93
458.15
458.38
458.61
458.84
459.07
459.29
459.52
459.75
459.98
460.20
460.43
460.66
460.89
461.12
461.34
461.57
461.80
462.03
462.25
462.48
462.71
462.94
463.17
463.39
463.62
463.85
464.08
464.30
464.53
464.76
464.99
465.22
465.44
465.67
465.90
466.13
466.35
466.58
466.81
467.04
467.27
467.49
467.72
467.95
468.18
468.40
468.63
468.86
469.09
469.32
469.54
469.77
470.00
470.23
470.45
470.68
470.91
471.14
471.37
471.59
471.82
472.05
472.28
472.50
472.73
472.96
473.19
473.42
473.64
473.87
474.10
474.33
474.55
474.78
475.01
475.24
475.47
475.69
475.92
476.15
476.38
476.60
476.83
477.06
477.29
477.52
477.74
477.97
478.20
478.43
478.65
478.88
479.11
479.34
479.56
479.79
480.02
480.25
480.48
480.70
480.93
481.16
481.39
481.61
481.84
482.07
482.30
482.53
482.75
482.98
483.21
483.44
483.66
483.89
484.12
484.35
484.58
484.80
485.03
485.26
485.49
485.71
485.94
486.17
486.40
486.63
486.85
487.08
487.31
487.54
487.76
487.99
488.22
488.45
488.68
488.90
489.13
489.36
489.59
489.81
490.04
490.27
490.50
490.73
490.95
491.18
491.41
491.64
491.86
492.09
492.32
492.55
492.78
493.00
493.23
493.46
493.69
493.91
494.14
494.37
494.60
494.83
495.05
495.28
495.51
495.74
495.96
496.19
496.42
496.65
496.88
497.10
497.33
497.56
497.79
498.01
498.24
498.47
498.70
498.93
499.15
499.38
499.61
499.84
500.06
500.29
500.52
500.75
500.98
501.20
501.43
501.66
501.89
502.11
502.34
502.57
502.80
503.03
503.25
503.48
503.71
503.94
504.16
504.39
504.62
504.85
505.08
505.30
505.53
505.76
505.99
506.21
506.44
506.67
506.90
507.13
507.35
507.58
507.81
508.04
508.26
508.49
508.72
508.95
509.18
509.40
509.63
509.86
510.09
510.31
510.54
510.77
511.00
511.23
511.45
511.68
511.91
512.14
512.36
512.59
512.82
513.05
513.28
513.50
513.73
513.96
514.19
514.41
514.64
514.87
515.10
515.32
515.55
515.78
516.01
516.24
516.46
516.69
516.92
517.15
517.37
517.60
517.83
518.06
518.29
518.51
518.74
518.97
519.20
519.42
519.65
519.88
520.11
520.34
520.56
520.79
521.02
521.25
521.47
521.70
521.93
522.16
522.39
522.61
522.84
523.07
523.30
523.52
523.75
523.98
524.21
524.44
524.66
524.89
525.12
525.35
525.57
525.80
526.03
526.26
526.49
526.71
526.94
527.17
527.40
527.62
527.85
528.08
528.31
528.54
528.76
528.99
529.22
529.45
529.67
529.90
530.13
530.36
530.59
530.81
531.04
531.27
531.50
531.72
531.95
532.18
532.41
532.64
532.86
533.09
533.32
533.55
533.77
534.00
534.23
534.46
534.69
534.91
535.14
535.37
535.60
535.82
536.05
536.28
536.51
536.74
536.96
537.19
537.42
537.65
537.87
538.10
538.33
538.56
538.79
539.01
539.24
539.47
539.70
539.92
540.15
540.38
540.61
540.84
541.06
541.29
541.52
541.75
541.97
542.20
542.43
542.66
542.89
543.11
543.34
543.57
543.80
544.02
544.25
544.48
544.71
544.94
545.16
545.39
545.62
545.85
546.07
546.30
546.53
546.76
546.99
547.21
547.44
547.67
547.90
548.12
548.35
548.58
548.81
549.04
549.26
549.49
549.72
549.95
550.17
550.40
550.63
550.86
551.08
551.31
551.54
551.77
552.00
552.22
552.45
552.68
552.91
553.13
553.36
553.59
553.82
554.05
554.27
554.50
554.73
554.96
555.18
555.41
555.64
555.87
556.10
556.32
556.55
556.78
557.01
557.23
557.46
557.69
557.92
558.15
558.37
558.60
558.83
559.06
559.28
