5.22E+04
5.22E+04
1.85E+04
2.33E+04
2.13E+04
1.27E+04
1.46E+04
1.33E+04
1.11E+04
1.01E+04
9.20E+03
8.17E+03
7.70E+03
6.35E+03
5.83E+03
5.11E+03
4.63E+03
4.09E+03
3.62E+03
3.27E+03
3.00E+03
2.62E+03
2.30E+03
2.10E+03
1.84E+03
1.60E+03
1.16E+03
4.46E+02
2.88E+02
2.27E+02
1.90E+02
1.67E+02
1.50E+02
1.36E+02
1.27E+02
1.18E+02
1.11E+02
1.04E+02
9.78E+01
9.28E+01
8.86E+01
8.48E+01
8.05E+01
7.73E+01
7.46E+01
7.24E+01
6.96E+01
6.83E+01
6.75E+01
6.56E+01
6.39E+01
6.20E+01
6.02E+01
5.83E+01
5.61E+01
5.39E+01
5.25E+01
5.16E+01
5.05E+01
4.92E+01
4.75E+01
4.54E+01
4.32E+01
4.13E+01
3.92E+01
3.80E+01
3.79E+01
3.76E+01
3.69E+01
3.64E+01
3.54E+01
3.43E+01
3.27E+01
3.11E+01
3.05E+01
3.00E+01
2.98E+01
2.92E+01
2.88E+01
2.82E+01
2.77E+01
2.70E+01
2.63E+01
2.56E+01
2.50E+01
2.41E+01
2.35E+01
2.28E+01
2.21E+01
2.16E+01
2.09E+01
2.00E+01
1.94E+01
1.87E+01
1.80E+01
1.74E+01
1.67E+01
1.61E+01
1.54E+01
1.49E+01
1.43E+01
1.37E+01
1.32E+01
1.27E+01
1.22E+01
1.18E+01
1.13E+01
1.09E+01
1.05E+01
1.01E+01
9.70E+00
9.31E+00
9.00E+00
8.65E+00
8.32E+00
8.09E+00
7.70E+00
7.42E+00
7.16E+00
6.95E+00
6.65E+00
6.44E+00
6.22E+00
6.00E+00
5.80E+00
5.59E+00
5.42E+00
5.24E+00
5.09E+00
4.94E+00
4.77E+00
4.63E+00
4.47E+00
4.34E+00
4.21E+00
4.09E+00
3.97E+00
3.87E+00
3.79E+00
3.70E+00
3.61E+00
3.54E+00
3.45E+00
3.36E+00
3.29E+00
3.21E+00
3.12E+00
3.05E+00
2.98E+00
2.92E+00
2.85E+00
2.80E+00
2.75E+00
2.69E+00
2.64E+00
2.59E+00
2.53E+00
2.48E+00
2.44E+00
2.40E+00
2.35E+00
2.31E+00
2.26E+00
2.23E+00
2.19E+00
2.16E+00
2.12E+00
2.10E+00
2.06E+00
2.03E+00
2.00E+00
1.97E+00
1.94E+00
1.91E+00
1.88E+00
1.84E+00
1.81E+00
1.78E+00
1.76E+00
1.73E+00
1.70E+00
1.68E+00
1.66E+00
1.64E+00
1.61E+00
1.58E+00
1.57E+00
1.54E+00
1.52E+00
1.50E+00
1.49E+00
1.45E+00
1.43E+00
1.40E+00
1.39E+00
1.37E+00
1.35E+00
1.33E+00
1.31E+00
1.29E+00
1.28E+00
1.26E+00
1.24E+00
1.22E+00
1.21E+00
1.19E+00
1.18E+00
1.17E+00
1.15E+00
1.14E+00
1.12E+00
1.11E+00
1.09E+00
1.08E+00
1.06E+00
1.05E+00
1.04E+00
1.02E+00
1.01E+00
1.00E+00
9.85E-01
9.94E-01
9.99E-01
1.01E+00
1.02E+00
1.02E+00
1.03E+00
1.04E+00
1.04E+00
1.05E+00
1.05E+00
1.05E+00
1.05E+00
1.06E+00
1.08E+00
1.07E+00
1.07E+00
1.08E+00
1.09E+00
1.09E+00
1.09E+00
1.09E+00
1.10E+00
1.10E+00
1.11E+00
1.11E+00
1.10E+00
1.10E+00
1.09E+00
1.10E+00
1.11E+00
1.12E+00
1.11E+00
1.08E+00
1.06E+00
1.05E+00
1.03E+00
1.02E+00
1.01E+00
9.83E-01
9.77E-01
9.61E-01
9.46E-01
9.32E-01
9.15E-01
9.10E-01
8.92E-01
8.84E-01
8.64E-01
8.51E-01
8.38E-01
8.26E-01
8.11E-01
8.01E-01
7.91E-01
7.76E-01
7.65E-01
7.52E-01
7.43E-01
7.29E-01
7.16E-01
7.09E-01
6.95E-01
7.02E-01
7.13E-01
7.17E-01
7.16E-01
7.25E-01
7.30E-01
7.38E-01
7.42E-01
7.49E-01
7.56E-01
7.60E-01
7.61E-01
7.68E-01
7.69E-01
7.76E-01
7.78E-01
7.85E-01
7.91E-01
7.93E-01
7.96E-01
7.98E-01
8.04E-01
8.11E-01
8.14E-01
8.17E-01
8.25E-01
8.26E-01
8.32E-01
8.34E-01
8.36E-01
8.40E-01
8.40E-01
8.51E-01
8.61E-01
8.65E-01
8.66E-01
8.75E-01
8.90E-01
8.92E-01
8.90E-01
8.96E-01
9.06E-01
9.12E-01
9.14E-01
9.25E-01
9.28E-01
9.32E-01
9.39E-01
9.48E-01
9.49E-01
9.49E-01
9.52E-01
9.59E-01
9.60E-01
9.62E-01
9.72E-01
9.70E-01
9.68E-01
9.69E-01
9.74E-01
9.78E-01
9.84E-01
9.87E-01
9.73E-01
9.60E-01
9.41E-01
9.29E-01
9.15E-01
9.06E-01
8.93E-01
8.81E-01
8.62E-01
8.48E-01
8.37E-01
8.25E-01
8.14E-01
7.98E-01
7.88E-01
7.76E-01
7.61E-01
7.48E-01
7.36E-01
7.24E-01
7.10E-01
7.00E-01
6.91E-01
6.76E-01
6.63E-01
6.56E-01
6.42E-01
6.30E-01
6.17E-01
6.04E-01
5.96E-01
5.84E-01
5.84E-01
5.84E-01
5.85E-01
5.83E-01
5.85E-01
5.84E-01
5.83E-01
5.83E-01
5.85E-01
5.78E-01
5.75E-01
5.75E-01
5.73E-01
5.68E-01
5.66E-01
5.66E-01
5.64E-01
5.61E-01
5.56E-01
5.57E-01
5.54E-01
5.52E-01
5.49E-01
5.50E-01
5.47E-01
5.44E-01
5.39E-01
5.36E-01
5.36E-01
5.33E-01
5.25E-01
5.21E-01
5.19E-01
5.19E-01
5.16E-01
5.14E-01
5.12E-01
5.11E-01
5.09E-01
5.05E-01
5.05E-01
5.03E-01
5.00E-01
4.99E-01
4.96E-01
4.94E-01
4.93E-01
4.88E-01
4.84E-01
4.81E-01
4.79E-01
4.76E-01
4.71E-01
4.69E-01
4.68E-01
4.65E-01
4.63E-01
4.57E-01
4.53E-01
4.54E-01
4.51E-01
4.48E-01
4.44E-01
4.43E-01
4.40E-01
4.37E-01
4.33E-01
4.29E-01
4.27E-01
4.26E-01
4.23E-01
4.19E-01
4.16E-01
4.12E-01
4.09E-01
4.06E-01
4.03E-01
4.00E-01
3.97E-01
3.94E-01
3.92E-01
3.88E-01
3.86E-01
3.83E-01
3.79E-01
3.77E-01
3.74E-01
3.70E-01
3.69E-01
3.65E-01
3.64E-01
3.61E-01
3.59E-01
3.57E-01
3.56E-01
3.56E-01
3.54E-01
3.51E-01
3.50E-01
3.48E-01
3.46E-01
3.45E-01
3.42E-01
3.41E-01
3.38E-01
3.36E-01
3.33E-01
3.32E-01
3.30E-01
3.28E-01
3.27E-01
3.26E-01
3.25E-01
3.24E-01
3.22E-01
3.21E-01
3.20E-01
3.19E-01
3.18E-01
3.15E-01
3.15E-01
3.13E-01
3.11E-01
3.11E-01
3.10E-01
3.07E-01
3.07E-01
3.06E-01
3.04E-01
3.02E-01
3.00E-01
2.99E-01
2.98E-01
2.95E-01
2.94E-01
2.92E-01
2.91E-01
2.90E-01
2.86E-01
2.85E-01
2.84E-01
2.82E-01
2.78E-01
2.78E-01
2.77E-01
2.75E-01
2.73E-01
2.72E-01
2.72E-01
2.72E-01
2.72E-01
2.71E-01
2.69E-01
2.69E-01
2.68E-01
2.67E-01
2.67E-01
2.67E-01
2.67E-01
2.66E-01
2.67E-01
2.66E-01
2.66E-01
2.64E-01
2.65E-01
2.65E-01
2.64E-01
2.65E-01
2.65E-01
2.64E-01
2.64E-01
2.64E-01
2.65E-01
2.65E-01
2.66E-01
2.67E-01
2.66E-01
2.67E-01
2.67E-01
2.68E-01
2.69E-01
2.69E-01
2.72E-01
2.72E-01
2.72E-01
2.74E-01
2.75E-01
2.77E-01
2.77E-01
2.78E-01
2.79E-01
2.80E-01
2.82E-01
2.84E-01
2.84E-01
2.84E-01
2.86E-01
2.90E-01
2.90E-01
2.92E-01
2.93E-01
2.96E-01
2.97E-01
2.97E-01
2.99E-01
2.99E-01
3.00E-01
3.01E-01
3.02E-01
3.04E-01
3.04E-01
3.07E-01
3.06E-01
3.06E-01
3.07E-01
3.09E-01
3.10E-01
3.20E-01
3.22E-01
3.23E-01
3.23E-01
3.24E-01
3.24E-01
3.25E-01
3.24E-01
3.26E-01
3.25E-01
3.24E-01
3.24E-01
3.24E-01
3.23E-01
3.26E-01
3.24E-01
3.24E-01
3.24E-01
3.23E-01
3.23E-01
3.24E-01
3.23E-01
3.22E-01
3.22E-01
3.23E-01
3.22E-01
3.21E-01
3.20E-01
3.20E-01
3.20E-01
3.19E-01
3.18E-01
3.17E-01
3.16E-01
3.14E-01
3.14E-01
3.13E-01
3.13E-01
3.12E-01
3.10E-01
3.09E-01
3.08E-01
3.07E-01
3.04E-01
3.04E-01
3.03E-01
3.02E-01
3.02E-01
3.01E-01
3.00E-01
3.00E-01
3.00E-01
3.00E-01
3.00E-01
3.00E-01
2.99E-01
2.97E-01
2.95E-01
2.95E-01
2.94E-01
2.93E-01
2.91E-01
2.90E-01
2.90E-01
2.88E-01
2.87E-01
2.88E-01
2.88E-01
2.87E-01
2.86E-01
2.86E-01
2.85E-01
2.86E-01
2.84E-01
2.83E-01
2.83E-01
2.83E-01
2.83E-01
2.83E-01
2.82E-01
2.82E-01
2.82E-01
2.82E-01
2.81E-01
2.80E-01
2.81E-01
2.80E-01
2.80E-01
2.78E-01
2.77E-01
2.76E-01
2.75E-01
2.75E-01
2.75E-01
2.75E-01
2.75E-01
2.75E-01
2.75E-01
2.75E-01
2.75E-01
2.72E-01
2.72E-01
2.70E-01
2.69E-01
2.68E-01
2.69E-01
2.70E-01
2.71E-01
2.70E-01
2.72E-01
2.71E-01
2.71E-01
2.71E-01
2.70E-01
2.71E-01
2.70E-01
2.70E-01
2.68E-01
2.69E-01
2.69E-01
2.69E-01
2.67E-01
2.69E-01
2.68E-01
2.68E-01
2.67E-01
2.67E-01
2.66E-01
2.61E-01
2.59E-01
2.59E-01
2.58E-01
2.58E-01
2.57E-01
2.57E-01
2.59E-01
2.59E-01
2.60E-01
2.61E-01
2.60E-01
2.60E-01
2.60E-01
2.60E-01
2.60E-01
2.59E-01
2.59E-01
2.61E-01
2.62E-01
2.62E-01
2.62E-01
2.61E-01
2.61E-01
2.62E-01
2.61E-01
2.61E-01
2.60E-01
2.60E-01
2.59E-01
2.60E-01
2.59E-01
2.60E-01
2.61E-01
2.60E-01
2.61E-01
2.61E-01
2.60E-01
2.60E-01
2.60E-01
2.61E-01
2.61E-01
2.60E-01
2.60E-01
2.60E-01
2.60E-01
2.61E-01
2.61E-01
2.61E-01
2.62E-01
2.62E-01
2.61E-01
2.60E-01
2.61E-01
2.61E-01
2.61E-01
2.61E-01
2.61E-01
2.60E-01
2.60E-01
2.59E-01
2.58E-01
2.59E-01
2.58E-01
2.62E-01
2.62E-01
2.62E-01
2.63E-01
2.64E-01
2.64E-01
2.66E-01
2.65E-01
2.66E-01
2.67E-01
2.67E-01
2.68E-01
2.68E-01
2.68E-01
2.68E-01
2.68E-01
2.68E-01
2.69E-01
2.68E-01
2.68E-01
2.69E-01
2.69E-01
2.69E-01
2.69E-01
2.70E-01
2.69E-01
2.68E-01
2.68E-01
2.69E-01
2.68E-01
2.68E-01
2.67E-01
2.67E-01
2.67E-01
2.67E-01
2.68E-01
2.67E-01
2.68E-01
2.68E-01
2.69E-01
2.70E-01
2.71E-01
2.70E-01
2.70E-01
2.70E-01
2.69E-01
2.70E-01
2.68E-01
2.68E-01
2.68E-01
2.68E-01
2.69E-01
2.70E-01
2.70E-01
2.70E-01
2.71E-01
2.72E-01
2.72E-01
2.72E-01
2.72E-01
2.73E-01
2.72E-01
2.72E-01
2.73E-01
2.73E-01
2.73E-01
2.73E-01
2.74E-01
2.73E-01
2.73E-01
2.72E-01
2.72E-01
2.72E-01
2.73E-01
2.74E-01
2.73E-01
2.73E-01
2.73E-01
2.73E-01
2.73E-01
2.73E-01
2.74E-01
2.74E-01
2.76E-01
2.75E-01
2.76E-01
2.77E-01
2.77E-01
2.76E-01
2.78E-01
2.78E-01
2.79E-01
2.81E-01
2.81E-01
2.82E-01
2.83E-01
2.85E-01
2.85E-01
2.86E-01
2.87E-01
2.88E-01
2.88E-01
2.89E-01
2.90E-01
2.91E-01
2.92E-01
2.93E-01
2.95E-01
2.97E-01
2.98E-01
2.98E-01
3.00E-01
3.02E-01
3.03E-01
3.03E-01
3.03E-01
3.03E-01
3.05E-01
3.06E-01
3.07E-01
3.08E-01
3.10E-01
3.10E-01
3.11E-01
3.13E-01
3.13E-01
3.14E-01
3.15E-01
3.17E-01
3.18E-01
3.19E-01
3.19E-01
3.18E-01
3.17E-01
3.15E-01
3.16E-01
3.15E-01
3.14E-01
3.15E-01
3.15E-01
3.14E-01
3.14E-01
3.12E-01
3.11E-01
3.09E-01
3.08E-01
3.05E-01
3.02E-01
3.00E-01
3.01E-01
2.98E-01
2.98E-01
2.97E-01
2.98E-01
2.96E-01
2.97E-01
2.99E-01
3.00E-01
3.01E-01
3.03E-01
3.04E-01
3.07E-01
3.09E-01
3.10E-01
3.14E-01
3.17E-01
3.21E-01
3.25E-01
3.30E-01
3.36E-01
3.43E-01
3.50E-01
3.56E-01
3.64E-01
3.73E-01
3.83E-01
3.95E-01
4.08E-01
4.25E-01
4.41E-01
4.59E-01
4.81E-01
5.02E-01
5.29E-01
5.57E-01
5.89E-01
6.31E-01
6.63E-01
7.06E-01
7.50E-01
8.02E-01
8.59E-01
9.18E-01
9.89E-01
1.07E+00
1.16E+00
1.27E+00
1.39E+00
1.55E+00
1.72E+00
1.93E+00
2.20E+00
2.52E+00
2.92E+00
3.41E+00
4.03E+00
4.80E+00
5.80E+00
7.06E+00
8.63E+00
1.07E+01
1.35E+01
1.82E+01
2.57E+01
2.90E+01
3.15E+01
3.38E+01
3.62E+01
3.85E+01
4.09E+01
4.34E+01
4.59E+01
4.85E+01
5.12E+01
5.39E+01
5.68E+01
5.99E+01
6.30E+01
6.61E+01
6.94E+01
7.28E+01
7.63E+01
7.99E+01
8.36E+01
8.76E+01
9.18E+01
9.62E+01
