248.9239
249.2378
249.5517
249.8656
250.1795
250.4934
250.8073
251.1212
251.4351
251.749
252.0629
252.3768
252.6907
253.0046
253.3185
253.6324
253.9463
254.2602
254.5741
254.888
255.2019
255.5158
255.8297
256.1436
256.4575
256.7714
257.0853
257.3992
257.7131
258.027
258.3409
258.6548
258.9687
259.2826
259.5965
259.9104
260.2243
260.5382
260.8521
261.166
261.4799
261.7938
262.1077
262.4216
262.7355
263.0494
263.3633
263.6772
263.9911
264.305
264.6189
264.9328
265.2467
265.5606
265.8745
266.1884
266.5023
266.8162
267.1301
267.444
267.7579
268.0718
268.3857
268.6996
269.0135
269.3274
269.6413
269.9552
270.2691
270.583
270.8969
271.2108
271.5247
271.8386
272.1525
272.4664
272.7803
273.0942
273.4081
273.722
274.0359
274.3498
274.6637
274.9776
275.2915
275.6054
275.9193
276.2332
276.5471
276.861
277.1749
277.4888
277.8027
278.1166
278.4305
278.7444
279.0583
279.3722
279.6861
280
280.3139
280.6278
280.9417
281.2556
281.5695
281.8834
282.1973
282.5112
282.8251
283.139
283.4529
283.7668
284.0807
284.3946
284.7085
285.0224
285.3363
285.6502
285.9641
286.278
286.5919
286.9058
287.2197
287.5336
287.8475
288.1614
288.4753
288.7892
289.1031
289.417
289.7309
290.0448
290.3587
290.6726
290.9865
291.3004
291.6143
291.9282
292.2421
292.556
292.8699
293.1838
293.4977
293.8116
294.1255
294.4394
294.7533
295.0672
295.3811
295.695
296.0089
296.3228
296.6367
296.9506
297.2645
297.5784
297.8923
298.2062
298.5201
298.834
299.1479
299.4618
299.7757
300.0896
300.4035
300.7174
301.0313
301.3452
301.6591
301.973
302.2869
302.6008
302.9147
303.2286
303.5425
303.8564
304.1703
304.4842
304.7981
305.112
305.4259
305.7398
306.0537
306.3676
306.6815
306.9954
307.3093
307.6232
307.9371
308.251
308.5649
308.8788
309.1927
309.5066
309.8205
310.1344
310.4483
310.7622
311.0761
311.39
311.7039
312.0178
312.3317
312.6456
312.9595
313.2734
313.5873
313.9012
314.2151
314.529
314.8429
315.1568
315.4707
315.7846
316.0985
316.4124
316.7263
317.0402
317.3541
317.668
317.9819
318.2958
318.6097
318.9236
319.2375
319.5514
319.8653
320.1792
320.4931
320.807
321.1209
321.4348
321.7487
322.0626
322.3765
322.6904
323.0043
323.3182
323.6321
323.946
324.2599
324.5738
324.8877
325.2016
325.5155
325.8294
326.1433
326.4572
326.7711
327.085
327.3989
327.7128
328.0267
328.3406
328.6545
328.9684
329.2823
329.5962
329.9101
330.224
330.5379
330.8518
331.1657
331.4796
331.7935
332.1074
332.4213
332.7352
333.0491
333.363
333.6769
333.9908
334.3047
334.6186
334.9325
335.2464
335.5603
335.8742
336.1881
336.502
336.8159
337.1298
337.4437
337.7576
338.0715
338.3854
338.6993
339.0132
339.3271
339.641
339.9549
340.2688
340.5827
340.8966
341.2105
341.5244
341.8383
342.1522
342.4661
342.78
343.0939
343.4078
343.7217
344.0356
344.3495
344.6634
344.9773
345.2912
345.6051
345.919
346.2329
346.5468
346.8607
347.1746
347.4885
347.8024
348.1163
348.4302
348.7441
349.058
349.3719
349.6858
349.9997
350.3136
350.6275
350.9414
351.2553
351.5692
351.8831
352.197
352.5109
352.8248
353.1387
353.4526
353.7665
354.0804
354.3943
354.7082
355.0221
355.336
355.6499
355.9638
356.2777
356.5916
356.9055
357.2194
357.5333
357.8472
358.1611
358.475
358.7889
359.1028
359.4167
359.7306
360.0445
360.3584
360.6723
360.9862
361.3001
361.614
361.9279
362.2418
362.5557
362.8696
363.1835
363.4974
363.8113
364.1252
364.4391
364.753
365.0669
365.3808
365.6947
366.0086
366.3225
366.6364
366.9503
367.2642
367.5781
367.892
368.2059
368.5198
368.8337
369.1476
369.4615
369.7754
370.0893
370.4032
370.7171
371.031
371.3449
371.6588
371.9727
372.2866
372.6005
372.9144
373.2283
373.5422
373.8561
374.17
374.4839
374.7978
375.1117
375.4256
375.7395
376.0534
376.3673
376.6812
376.9951
377.309
377.6229
377.9368
378.2507
378.5646
378.8785
379.1924
379.5063
379.8202
380.1341
380.448
380.7619
381.0758
381.3897
381.7036
382.0175
382.3314
382.6453
382.9592
383.2731
383.587
383.9009
384.2148
384.5287
384.8426
385.1565
385.4704
385.7843
386.0982
386.4121
386.726
387.0399
387.3538
387.6677
387.9816
388.2955
388.6094
388.9233
389.2372
389.5511
389.865
390.1789
390.4928
390.8067
391.1206
391.4345
391.7484
392.0623
392.3762
392.6901
393.004
393.3179
393.6318
393.9457
394.2596
394.5735
394.8874
395.2013
395.5152
395.8291
396.143
396.4569
396.7708
397.0847
397.3986
397.7125
398.0264
398.3403
398.6542
398.9681
399.282
399.5959
399.9098
400.2237
400.5376
400.8515
401.1654
401.4793
401.7932
402.1071
402.421
402.7349
403.0488
403.3627
403.6766
403.9905
404.3044
404.6183
404.9322
405.2461
405.56
405.8739
406.1878
406.5017
406.8156
407.1295
407.4434
407.7573
408.0712
408.3851
408.699
409.0129
409.3268
409.6407
409.9546
410.2685
410.5824
410.8963
411.2102
411.5241
411.838
412.1519
412.4658
412.7797
413.0936
413.4075
413.7214
414.0353
414.3492
414.6631
414.977
415.2909
415.6048
415.9187
416.2326
416.5465
416.8604
417.1743
417.4882
417.8021
418.116
418.4299
418.7438
419.0577
419.3716
419.6855
419.9994
420.3133
420.6272
420.9411
421.255
421.5689
421.8828
422.1967
422.5106
422.8245
423.1384
423.4523
423.7662
424.0801
424.394
424.7079
425.0218
425.3357
425.6496
425.9635
426.2774
426.5913
426.9052
427.2191
427.533
427.8469
428.1608
428.4747
428.7886
429.1025
429.4164
429.7303
430.0442
430.3581
430.672
430.9859
431.2998
431.6137
431.9276
432.2415
432.5554
432.8693
433.1832
433.4971
433.811
434.1249
434.4388
434.7527
435.0666
435.3805
435.6944
436.0083
436.3222
436.6361
436.95
437.2639
437.5778
437.8917
438.2056
438.5195
438.8334
439.1473
439.4612
439.7751
440.089
440.4029
440.7168
441.0307
441.3446
441.6585
441.9724
442.2863
442.6002
442.9141
443.228
443.5419
443.8558
444.1697
444.4836
444.7975
445.1114
445.4253
445.7392
446.0531
446.367
446.6809
446.9948
447.3087
447.6226
447.9365
448.2504
448.5643
448.8782
449.1921
449.506
449.8199
450.1338
450.4477
450.7616
451.0755
451.3894
451.7033
452.0172
452.3311
452.645
452.9589
453.2728
453.5867
453.9006
454.2145
454.5284
454.8423
455.1562
455.4701
455.784
456.0979
456.4118
456.7257
457.0396
457.3535
457.6674
457.9813
458.2952
458.6091
458.923
459.2369
459.5508
459.8647
460.1786
460.4925
460.8064
461.1203
461.4342
461.7481
462.062
462.3759
462.6898
463.0037
463.3176
463.6315
463.9454
464.2593
464.5732
464.8871
465.201
465.5149
465.8288
466.1427
466.4566
466.7705
467.0844
467.3983
467.7122
468.0261
468.34
468.6539
468.9678
469.2817
469.5956
469.9095
470.2234
470.5373
470.8512
471.1651
471.479
471.7929
472.1068
472.4207
472.7346
473.0485
473.3624
473.6763
473.9902
474.3041
474.618
474.9319
475.2458
475.5597
475.8736
476.1875
476.5014
476.8153
477.1292
477.4431
477.757
478.0709
478.3848
478.6987
479.0126
479.3265
479.6404
479.9543
480.2682
480.5821
480.896
481.2099
481.5238
481.8377
482.1516
482.4655
482.7794
483.0933
483.4072
483.7211
484.035
484.3489
484.6628
484.9767
485.2906
485.6045
485.9184
486.2323
486.5462
486.8601
487.174
487.4879
487.8018
488.1157
488.4296
488.7435
489.0574
489.3713
489.6852
489.9991
490.313
490.6269
490.9408
491.2547
491.5686
491.8825
492.1964
492.5103
492.8242
493.1381
493.452
493.7659
494.0798
494.3937
494.7076
495.0215
495.3354
495.6493
495.9632
496.2771
496.591
496.9049
497.2188
497.5327
497.8466
498.1605
498.4744
498.7883
499.1022
499.4161
499.73
500.0439
500.3578
500.6717
500.9856
501.2995
501.6134
501.9273
502.2412
502.5551
502.869
503.1829
503.4968
503.8107
504.1246
504.4385
504.7524
505.0663
505.3802
505.6941
506.008
506.3219
506.6358
506.9497
507.2636
507.5775
507.8914
508.2053
508.5192
508.8331
509.147
509.4609
509.7748
510.0887
510.4026
510.7165
511.0304
511.3443
511.6582
511.9721
512.286
512.5999
512.9138
513.2277
513.5416
513.8555
514.1694
514.4833
514.7972
515.1111
515.425
515.7389
516.0528
516.3667
516.6806
516.9945
517.3084
517.6223
517.9362
518.2501
518.564
518.8779
519.1918
519.5057
519.8196
520.1335
520.4474
520.7613
521.0752
521.3891
521.703
522.0169
522.3308
522.6447
522.9586
523.2725
523.5864
523.9003
524.2142
524.5281
524.842
525.1559
525.4698
525.7837
526.0976
526.4115
526.7254
527.0393
527.3532
527.6671
527.981
528.2949
528.6088
528.9227
529.2366
529.5505
529.8644
530.1783
530.4922
530.8061
531.12
531.4339
531.7478
532.0617
532.3756
532.6895
533.0034
533.3173
533.6312
533.9451
534.259
534.5729
534.8868
535.2007
535.5146
535.8285
536.1424
536.4563
536.7702
537.0841
537.398
537.7119
538.0258
538.3397
538.6536
538.9675
539.2814
539.5953
539.9092
540.2231
540.537
540.8509
541.1648
541.4787
541.7926
542.1065
542.4204
542.7343
543.0482
543.3621
543.676
543.9899
544.3038
544.6177
544.9316
545.2455
545.5594
545.8733
546.1872
546.5011
546.815
547.1289
547.4428
547.7567
548.0706
548.3845
548.6984
549.0123
549.3262
549.6401
549.954
550.2679
550.5818
550.8957
551.2096
551.5235
551.8374
552.1513
552.4652
552.7791
553.093
553.4069
553.7208
554.0347
554.3486
554.6625
554.9764
555.2903
555.6042
555.9181
556.232
556.5459
556.8598
557.1737
557.4876
557.8015
558.1154
558.4293
558.7432
559.0571
559.371
559.6849
559.9988
560.3127
560.6266
560.9405
561.2544
561.5683
561.8822
562.1961
562.51
562.8239
563.1378
563.4517
563.7656
564.0795
564.3934
564.7073
565.0212
565.3351
565.649
565.9629
566.2768
566.5907
566.9046
567.2185
567.5324
567.8463
568.1602
568.4741
568.788
569.1019
569.4158
569.7297
570.0436
