250.9108867
251.2247867
251.5386867
251.8525867
252.1664867
252.4803867
252.7942867
253.1081867
253.4220867
253.7359867
254.0498867
254.3637867
254.6776867
254.9915867
255.3054867
255.6193867
255.9332867
256.2471867
256.5610867
256.8749867
257.1888867
257.5027867
257.8166867
258.1305867
258.4444867
258.7583867
259.0722867
259.3861867
259.7000867
260.0139867
260.3278867
260.6417867
260.9556867
261.2695867
261.5834867
261.8973867
262.2112867
262.5251867
262.8390867
263.1529867
263.4668867
263.7807867
264.0946867
264.4085867
264.7224867
265.0363867
265.3502867
265.6641867
265.9780867
266.2919867
266.6058867
266.9197867
267.2336867
267.5475867
267.8614867
268.1753867
268.4892867
268.8031867
269.1170867
269.4309867
269.7448867
270.0587867
270.3726867
270.6865867
271.0004867
271.3143867
271.6282867
271.9421867
272.2560867
272.5699867
272.8838867
273.1977867
273.5116867
273.8255867
274.1394867
274.4533867
274.7672867
275.0811867
275.3950867
275.7089867
276.0228867
276.3367867
276.6506867
276.9645867
277.2784867
277.5923867
277.9062867
278.2201867
278.5340867
278.8479867
279.1618867
279.4757867
279.7896867
280.1035867
280.4174867
280.7313867
281.0452867
281.3591867
281.6730867
281.9869867
282.3008867
282.6147867
282.9286867
283.2425867
283.5564867
283.8703867
284.1842867
284.4981867
284.8120867
285.1259867
285.4398867
285.7537867
286.0676867
286.3815867
286.6954867
287.0093867
287.3232867
287.6371867
287.9510867
288.2649867
288.5788867
288.8927867
289.2066867
289.5205867
289.8344867
290.1483867
290.4622867
290.7761867
291.0900867
291.4039867
291.7178867
292.0317867
292.3456867
292.6595867
292.9734867
293.2873867
293.6012867
293.9151867
294.2290867
294.5429867
294.8568867
295.1707867
295.4846867
295.7985867
296.1124867
296.4263867
296.7402867
297.0541867
297.3680867
297.6819867
297.9958867
298.3097867
298.6236867
298.9375867
299.2514867
299.5653867
299.8792867
300.1931867
300.5070867
300.8209867
301.1348867
301.4487867
301.7626867
302.0765867
302.3904867
302.7043867
303.0182867
303.3321867
303.6460867
303.9599867
304.2738867
304.5877867
304.9016867
305.2155867
305.5294867
305.8433867
306.1572867
306.4711867
306.7850867
307.0989867
307.4128867
307.7267867
308.0406867
308.35966
308.6786333
308.9976067
309.31658
309.6355533
309.9545267
310.2735
310.5924733
310.9114467
311.23042
311.5493933
311.8683667
312.18734
312.5063133
312.8252867
313.14426
313.4632333
313.7822067
314.10118
314.4201533
314.7391267
315.0581
315.3770733
315.6960467
316.01502
316.3339933
316.6529667
316.97194
317.2909133
317.6098867
317.92886
318.2478333
318.5668067
318.88578
319.2047533
319.5237267
319.8427
320.1616733
320.4806467
320.79962
321.1185933
321.4375667
321.75654
322.0755133
322.3944867
322.71346
323.0324333
323.3514067
323.67038
323.9893533
324.3083267
324.6273
324.9462733
325.2652467
325.58422
325.9031933
326.2221667
326.54114
326.8601133
327.1790867
327.49806
327.8170333
328.1360067
328.45498
328.7739533
329.0929267
329.4119
329.7308733
330.0498467
330.36882
330.6877933
331.0067667
331.32574
331.6447133
331.9636867
332.28266
332.6016333
332.9206067
333.23958
333.5585533
333.8775267
334.1965
334.5154733
334.8344467
335.15342
335.4723933
335.7913667
336.11034
336.4293133
336.7482867
337.06726
337.3862333
337.7052067
338.02418
338.3431533
338.6621267
338.9811
339.3000733
339.6190467
339.93802
340.2569933
340.5759667
340.89494
341.2139133
341.5328867
341.85186
342.1708333
342.4898067
342.80878
343.1277533
343.4467267
343.7657
344.0846733
344.4036467
344.72262
345.0415933
345.3605667
345.67954
345.9985133
346.3174867
346.63646
346.9554333
347.2744067
347.59338
347.9123533
348.2313267
348.5503
348.8692733
349.1882467
349.50722
349.8261933
350.1451667
350.46414
350.7831133
351.1020867
351.42106
351.7400333
352.0590067
352.37798
352.6969533
353.0159267
353.3349
353.6538733
353.9728467
354.29182
354.6107933
354.9297667
355.24874
355.5677133
355.8866867
356.20566
356.5246333
356.8436067
357.16258
357.4815533
357.8005267
358.1195
358.4384733
358.7574467
359.07642
359.3953933
359.7143667
360.03334
360.3523133
360.6712867
360.99026
361.3092333
361.6282067
361.94718
362.2661533
362.5851267
362.9041
363.2230733
363.5420467
363.86102
364.1799933
364.4989667
364.81794
365.1369133
365.4558867
365.77486
366.0938333
366.4128067
366.73178
367.0507533
367.3697267
367.6887
368.0076733
368.3266467
368.64562
368.9645933
369.2835667
369.60254
369.9215133
370.2404867
370.55946
370.8784333
371.1974067
371.51638
371.8353533
372.1543267
372.4733
372.7922733
373.1112467
373.43022
373.7491933
374.0681667
374.38714
374.7061133
375.0250867
375.34406
375.6630333
375.9820067
376.30098
376.6199533
376.9389267
377.2579
377.5768733
377.8958467
378.21482
378.5337933
378.8527667
379.17174
379.4907133
379.8096867
380.12866
380.4476333
380.7666067
381.08558
381.4045533
381.7235267
382.0425
382.43736
382.83222
383.22708
383.62194
384.0168
384.41166
384.80652
385.20138
385.59624
385.9911
386.3035171
386.6159343
386.9283514
387.2407686
387.5531857
387.8656029
388.17802
388.4904371
388.8028543
389.1152714
389.4276886
389.7401057
390.0525229
390.36494
390.6773571
390.9897743
391.3021914
391.6146086
391.9270257
392.2394429
392.55186
392.8642771
393.1766943
393.4891114
393.8015286
394.1139457
394.4263629
394.73878
395.0511971
395.3636143
395.6760314
395.9884486
396.3008657
396.6132829
396.9257
397.2528273
397.5799545
397.9070818
398.2342091
398.5613364
398.8884636
399.2155909
399.5427182
399.8698455
400.1969727
400.5241
400.8139
401.1037
401.3935
401.6833
401.9731
402.2629
402.5527
402.8425
403.1323
403.4221
403.7119
404.0017
404.2915
404.5813
404.9315
405.2817
405.6319
405.9821
406.3323
406.6825
407.0327
407.3829
407.7331
408.0833
408.4335
408.7837
409.1339
409.4841
409.8343
410.1845
410.5347
410.8849
411.2351
411.5853
411.9355
412.2857
412.6359
412.9861
413.3363
413.6865
414.0367
414.3869
414.6914
414.9959
415.3004
415.6049
415.9094
416.2139
416.5184
416.8229
417.1274
417.4319
417.7364
418.0409
418.3454
418.6499
418.9544
419.2589
419.5634
419.8679
420.1724
420.4769
420.7814
421.0859
421.3904
421.6949
421.9994
422.3039
422.6084
422.9129
423.2174
423.5219
423.8264
424.1309
424.4354
424.7399
425.0444
425.3489
425.6534
425.9579
426.2624
426.5669
426.8714
427.1759
427.5044727
427.8330455
428.1616182
428.4901909
428.8187636
429.1473364
429.4759091
429.8044818
430.1330545
430.4616273
430.7902
431.0878667
431.3855333
431.6832
431.9808667
432.2785333
432.5762
432.8972667
433.2183333
433.5394
433.8604667
434.1815333
434.5026
434.8236667
435.1447333
435.4658
435.7868667
436.1079333
436.429
436.7500667
437.0711333
437.3922
437.7132667
438.0343333
438.3554
438.6582
438.961
439.2638
439.5666
439.8694
440.1722
440.475
440.7881322
441.1012644
441.4143966
441.7275289
442.0406611
442.3537933
442.6669255
442.9800577
443.2931899
443.6063221
443.9194544
444.2325866
444.5457188
444.858851
445.1719832
445.4851154
445.7982477
446.1113799
446.4245121
446.7376443
447.0507765
447.3639087
447.6770409
447.9901732
448.3033054
448.6164376
448.9295698
449.242702
449.5558342
449.8689664
450.1820987
450.4952309
450.8083631
451.1214953
451.4346275
451.7477597
452.0608919
452.3740242
452.6871564
453.0002886
453.3134208
453.626553
453.9396852
454.2528174
454.5659497
454.8790819
455.1922141
455.5053463
455.8184785
456.1316107
456.444743
456.7578752
457.0710074
457.3841396
457.6972718
458.010404
458.3235362
458.6366685
458.9498007
459.2629329
459.5760651
459.8891973
460.2023295
460.5154617
460.828594
461.1417262
461.4548584
461.7679906
462.0811228
462.394255
462.7073872
463.0205195
463.3336517
463.6467839
463.9599161
464.2730483
464.5861805
464.8993128
465.212445
465.5255772
465.8387094
466.1518416
466.4649738
466.778106
467.0912383
467.4043705
467.7175027
468.0306349
468.3437671
468.6568993
468.9700315
469.2831638
469.596296
469.9094282
470.2225604
470.5356926
470.8488248
471.161957
471.4750893
471.7882215
472.1013537
472.4144859
472.7276181
473.0407503
473.3538826
473.6670148
473.980147
474.2932792
474.6064114
474.9195436
475.2326758
475.5458081
475.8589403
476.1720725
476.4852047
476.7983369
477.1114691
477.4246013
477.7377336
478.0508658
478.363998
478.6771302
478.9902624
479.3033946
479.6165268
479.9296591
480.2427913
480.5559235
480.8690557
481.1821879
481.4953201
481.8084523
482.1215846
482.4347168
482.747849
483.0609812
483.3741134
483.6872456
484.0003779
484.3135101
484.6266423
484.9397745
485.2529067
485.5660389
485.8791711
486.1923034
486.5054356
486.8185678
487.1317
487.4199143
487.7081286
487.9963429
488.2845571
488.5727714
488.8609857
489.1492
489.4715333
489.7938667
490.1162
490.4385333
490.7608667
491.0832
491.4055333
491.7278667
492.0502
492.359325
492.66845
492.977575
493.2867
493.595825
493.90495
494.214075
494.5232
494.832325
495.14145
495.450575
495.7597
496.0683618
496.3770235
496.6856853
496.9943471
497.3030088
497.6116706
497.9203324
498.2289941
498.5376559
498.8463176
499.1549794
499.4636412
499.7723029
500.0809647
500.3896265
500.6982882
501.00695
501.3156118
501.6242735
501.9329353
502.2415971
502.5502588
502.8589206
503.1675824
503.4762441
503.7849059
504.0935676
504.4022294
504.7108912
505.0195529
505.3282147
505.6368765
505.9455382
506.2542
506.5628618
506.8715235
507.1801853
507.4888471
507.7975088
508.1061706
508.4148324
508.7234941
509.0321559
509.3408176
509.6494794
509.9581412
510.2668029
510.5754647
510.8841265
511.1927882
511.50145
511.8101118
512.1187735
512.4274353
512.7360971
513.0447588
513.3534206
513.6620824
513.9707441
514.2794059
514.5880676
514.8967294
515.2053912
515.5140529
515.8227147
516.1313765
516.4400382
516.7487
517.0488471
517.3489941
517.6491412
517.9492882
518.2494353
518.5495824
518.8497294
519.1498765
519.4500235
519.7501706
520.0503176
520.3504647
520.6506118
520.9507588
521.2509059
521.5510529
521.8512
522.1513471
522.4514941
522.7516412
523.0517882
523.3519353
523.6520824
523.9522294
524.2523765
524.5525235
524.8526706
525.1528176
525.4529647
525.7531118
526.0532588
526.3534059
526.6535529
526.9537
527.2616
527.5695
527.8774
528.1853
528.4932
528.8011
529.109
529.4169
529.7248
530.0327
530.3406
530.6485
530.9564
531.2643
531.5722
531.8801
532.188
532.4959
532.8038
533.1117
533.4196
533.7275
534.0354
534.3433
534.6512
534.9591
535.267
535.5749
535.8828
536.1907
536.4986
536.8065
537.1144
537.4223
537.7302
538.0381
538.346
538.6539
538.9618
539.2697
539.5776
539.8855
540.1934
540.5013
540.8092
541.1171
541.425
541.7329
542.0408
542.3487
542.6566
542.9645
543.2724
543.5803
543.8882
544.1961
544.504
544.8119
545.1198
545.4277
545.7356
546.0435
546.3514
546.6593
546.9672
547.2751
547.583
547.8909
548.1988
548.5067
548.8146
549.1225
549.4304
549.7383
550.0462
550.3541
550.662
550.9699
551.2778
551.5857
551.8936
552.2015
552.5094
552.8173
553.1252
553.4331
553.741
554.0549
554.3688
554.6827
554.9966
555.3105
555.6244
555.9383
556.2522
556.5661
556.88
557.1939
557.5078
557.8217
558.1356
558.4495
558.7634
559.0773
559.3912
559.7051
560.019
560.3329
560.6468
560.9607
561.2746
561.5885
561.9024
562.2163
562.5302
562.8441
563.158
563.4719
563.7858
564.0997
564.4136
564.7275
565.0414
565.3553
565.6692
565.9831
566.297
566.6109
566.9248
567.2387
567.5526
567.8665
568.1804
568.4943
568.8082
569.1221
569.436
569.7499
570.0638
570.3777
570.6916
571.0055
571.3194
571.6333
571.9472
572.2611
572.575
572.8889
