7.09E+02
6.61E+02
6.30E+02
6.18E+02
6.25E+02
6.53E+02
7.04E+02
7.81E+02
8.89E+02
1.03E+03
1.20E+03
1.39E+03
1.57E+03
1.72E+03
1.80E+03
1.81E+03
1.75E+03
1.62E+03
1.43E+03
1.19E+03
9.25E+02
6.73E+02
4.70E+02
3.24E+02
2.27E+02
1.63E+02
1.22E+02
9.43E+01
7.57E+01
6.28E+01
5.36E+01
4.68E+01
4.17E+01
3.78E+01
3.47E+01
3.22E+01
3.01E+01
2.84E+01
2.68E+01
2.54E+01
2.42E+01
2.31E+01
2.22E+01
2.13E+01
2.06E+01
1.99E+01
1.94E+01
1.89E+01
1.85E+01
1.81E+01
1.77E+01
1.74E+01
1.71E+01
1.67E+01
1.63E+01
1.59E+01
1.55E+01
1.50E+01
1.45E+01
1.39E+01
1.34E+01
1.29E+01
1.24E+01
1.20E+01
1.16E+01
1.13E+01
1.10E+01
1.06E+01
1.03E+01
1.01E+01
9.78E+00
9.55E+00
9.35E+00
9.21E+00
9.10E+00
9.04E+00
9.00E+00
8.99E+00
8.98E+00
8.98E+00
8.96E+00
8.93E+00
8.89E+00
8.83E+00
8.75E+00
8.67E+00
8.57E+00
8.45E+00
8.32E+00
8.18E+00
8.01E+00
7.83E+00
7.64E+00
7.43E+00
7.23E+00
7.02E+00
6.82E+00
6.62E+00
6.44E+00
6.27E+00
6.11E+00
5.95E+00
5.80E+00
5.65E+00
5.50E+00
5.35E+00
5.20E+00
5.05E+00
4.90E+00
4.76E+00
4.62E+00
4.48E+00
4.34E+00
4.21E+00
4.07E+00
3.94E+00
3.81E+00
3.68E+00
3.56E+00
3.44E+00
3.32E+00
3.21E+00
3.10E+00
3.00E+00
2.90E+00
2.80E+00
2.70E+00
2.61E+00
2.52E+00
2.43E+00
2.35E+00
2.27E+00
2.19E+00
2.12E+00
2.05E+00
1.99E+00
1.93E+00
1.87E+00
1.81E+00
1.76E+00
1.71E+00
1.67E+00
1.62E+00
1.58E+00
1.54E+00
1.50E+00
1.46E+00
1.42E+00
1.39E+00
1.35E+00
1.32E+00
1.29E+00
1.26E+00
1.23E+00
1.20E+00
1.18E+00
1.15E+00
1.13E+00
1.11E+00
1.08E+00
1.06E+00
1.04E+00
1.02E+00
1
1.010553408
1.021105726
1.031650299
1.042193647
1.052735772
1.063283531
1.073830201
1.084382777
1.094941463
1.105499331
1.11606358
1.126627148
1.137197368
1.147767043
1.158336172
1.168912294
1.179488007
1.190063311
1.200645947
1.21122831
1.221826158
1.232416058
1.243013837
1.253611616
1.264201243
1.274782514
1.285346936
1.295894103
1.306440454
1.316985989
1.327539267
1.333036881
1.331760111
1.330500545
1.329240994
1.32798146
1.326721942
1.325470985
1.324220028
1.322977599
1.321752196
1.320518232
1.319292741
1.318058706
1.316816149
1.315573576
1.314339461
1.313096849
1.311862678
1.310636925
1.309419567
1.308193711
1.306967808
1.30572502
1.304473805
1.303205784
1.301921008
1.300636298
1.299343277
1.298041971
1.296749126
1.295456363
1.294172027
1.302696956
1.318596969
1.334513777
1.350439289
1.366373815
1.382308752
1.398244099
1.414188974
1.430116027
1.446033963
1.461942475
1.477850782
1.493739625
1.509618123
1.525495801
1.541362726
1.557238665
1.573113785
1.588988087
1.604871914
1.620755127
1.636637726
1.65251971
1.668390328
1.684270983
1.700140066
1.71601939
1.731909261
1.747798722
1.763699138
1.779610817
1.795534067
1.789482858
1.774621858
1.75973837
1.744832972
1.72990624
1.714958757
1.700002054
1.685036423
1.670072914
1.655111524
1.640162818
1.625236972
1.610333405
1.595441265
1.580550083
1.56565986
1.550750625
1.535832844
1.520906808
1.50596311
1.491021528
1.476082063
1.461135308
1.446209478
1.431276358
1.416354467
1.401425478
1.386498602
1.371582664
1.356659918
1.341747914
1.32683783
1.33819815
1.353962882
1.36972579
1.385486872
1.401255142
1.417021789
1.432796028
1.448578161
1.46434966
1.48011974
1.4958884
1.511645923
1.527392007
1.543136268
1.558878708
1.574599085
1.59031724
1.606022851
1.621715619
1.637395245
1.65306143
1.668713876
1.684363105
1.699998199
1.715640896
1.73128038
1.74691665
1.762549708
1.778179554
1.793794677
1.809406392
1.825014701
1.850647047
1.876283711
1.901927314
1.927565982
1.953199717
1.978815828
2.004400976
2.029967201
2.055500843
2.081000931
2.1064665
2.131896588
2.157262592
2.182604543
2.207907829
2.233185799
2.258437987
2.28370777
2.308996104
2.334289018
2.359602085
2.384921015
2.41024629
2.435562822
2.460854888
2.486153791
2.511460011
2.536774031
2.562079966
2.587394344
2.612684281
2.631962922
2.614848026
2.597689512
2.580488392
2.563245681
2.545978633
2.528687929
2.511390254
2.494117731
2.47687001
2.459646742
2.442432029
2.425225863
2.408012913
2.390793514
2.373552899
2.35630673
2.339070208
2.321828571
2.30458215
2.287360336
2.270133949
2.252946226
2.235768102
2.21859957
2.20144062
2.184277395
2.167096486
2.149898563
2.132697806
2.115507943
2.098328963
2.09060601
2.106550228
2.122512019
2.138451405
2.154354481
2.170206961
2.186007992
2.201756727
2.217480327
2.23317852
2.248851038
2.264526173
2.280161098
2.295769732
2.311337252
2.326848467
2.342287828
2.357698758
2.373066084
2.388404297
2.40372825
2.419037961
2.434333451
2.449630108
2.464943673
2.480243609
2.495561203
2.510881284
2.526219949
2.541561849
2.55692326
2.572272569
2.588322224
2.605297818
2.62222709
2.639076517
2.655811801
2.672447891
2.688983383
2.705433745
2.721814837
2.738108825
2.754348904
2.770534567
2.78668262
2.802775439
2.818864981
2.834951551
2.851017793
2.867081494
2.883107283
2.899094936
2.915044228
2.930973036
2.94684503
2.962678005
2.97845339
2.994170718
3.009792484
3.025354946
3.0408016
3.05618758
3.071493614
3.08675689
3.103940215
3.12259564
3.141221855
3.15981893
3.178328706
3.196769881
3.215063546
3.233227763
3.251241428
3.269122858
3.28689076
3.304564221
3.322142555
3.339685761
3.357153324
3.374565235
3.391941824
3.4092832
3.426610115
3.443985115
3.461388498
3.478862923
3.496367791
3.513861819
3.531303035
3.548627544
3.565813105
3.58281577
3.599655441
3.61630926
3.632797376
3.6492054
3.672806107
3.699282632
3.725721287
3.75212267
3.778465026
3.804748552
3.830950838
3.856980747
3.882836574
3.908470684
3.933926935
3.959180524
3.984276247
4.009330238
4.034319523
4.059315419
4.08431921
4.109356098
4.134379632
4.159414888
4.184414587
4.209354907
4.234162555
4.258836722
4.28330244
4.307557955
4.331576624
4.355381528
4.378971076
4.402394206
4.425751361
4.449042819
4.472345452
4.49560915
4.518834471
4.541996145
4.564990758
4.587817443
4.610423154
4.632858928
4.655097712
4.677138506
4.69905968
4.720807989
4.742462587
4.763996857
4.785437402
4.806757461
4.82801072
4.849251477
4.87045343
4.891617111
4.912797491
4.933886359
4.954856412
4.975734944
4.996494516
5.017245339
5.03804346
5.058945501
5.080036495
5.101262975
5.122654784
5.144186012
5.179526838
5.21491818
5.250250375
5.285524216
5.320596329
5.355494175
5.390158445
5.424675079
5.459014104
5.493292854
5.527571559
5.561911615
5.596465641
5.631328934
5.666598707
5.702252251
5.738327685
5.774709842
5.811373963
5.848201172
5.885195238
5.922265382
5.959413823
5.996579021
6.033730069
6.070835352
6.107927366
6.145006725
6.182172343
6.219426431
6.256837461
6.294375438
6.332009657
6.36970869
6.407440379
6.445205877
6.482937877
6.520670836
6.558370752
6.595933333
6.633356982
6.670534705
6.707463348
6.744175297
6.780810656
6.817476473
6.854353891
6.891555208
6.929085833
6.96687816
7.004826436
7.042785772
7.080608302
7.118180496
7.155499102
7.192523264
7.229249312
7.265597655
7.301525605
7.336989949
7.371908514
7.406236734
7.440123559
7.476644609
7.520505095
7.564128106
7.607590585
7.650891634
7.694030368
7.736965863
7.779696716
7.822221549
7.864539009
7.906647768
7.948464645
7.989987341
8.031048522
8.07160263
8.111562051
8.150963363
8.189843958
8.228284005
8.266322773
8.30378879
8.3405087
8.376265017
8.410881172
8.444393283
8.476881438
8.508598492
8.539842425
8.570913315
8.60198398
8.633185175
8.664605287
8.696376559
8.728502167
8.761072233
8.794177672
8.827779465
8.861707278
8.895876942
8.929983998
8.963721204
8.99686686
9.029285969
9.060842814
9.091667103
9.121756578
9.151242619
9.180391
9.20933524
9.238254098
9.267148561
9.295974903
9.324689185
9.353112853
9.381111446
9.408684687
9.435832391
9.462734289
9.489615715
9.516792779
9.544402407
9.572627276
9.601425158
9.630663358
9.666406599
9.706967796
9.747624473
9.788333334
9.829004806
9.869364701
9.909228147
9.94845473
9.986856736
10.02443048
10.06121904
10.09731265
10.1326628
10.16740739
10.20159199
10.23549623
10.2693544
10.30326141
10.33735954
10.37165091
10.4059965
10.44035076
10.47457352
10.5086183
10.54258025
10.5763656
10.6100223
10.64350363
10.67695272
10.71022789
10.74337731
10.776354
10.8091585
10.84188698
10.87463603
10.90759853
10.94087232
10.97450772
11.00826666
11.04200619
11.07538957
11.10822327
11.14040962
11.17199594
11.20317521
11.23423821
11.26537972
11.29679522
11.32853511
11.36045529
11.39231359
11.42391561
11.45491963
11.48522714
11.5148373
11.54379845
11.57215923
11.60006649
11.62752045
11.65481548
11.68214831
11.7099612
11.73874637
11.76885023
11.80866247
11.85122199
11.89474582
11.93859781
11.98193725
12.02421445
12.06492538
12.10391286
12.14132009
12.17739241
12.2124273
12.24692447
12.28108446
12.31525916
12.34965078
12.3843113
12.4191922
12.45419439
12.48916797
12.52396244
12.55857836
12.59311749
12.62773258
12.66267831
12.69790597
12.73346824
12.76911298
12.80468873
12.84009434
12.87533024
12.91060116
12.94616382
12.98232731
13.01929982
13.0571369
13.09589476
13.13526974
13.17500795
13.21475037
13.25418723
13.29300662
13.33099863
13.36795231
13.40376016
13.43841895
13.471926
13.5042792
13.53552919
13.56588405
13.59560481
13.6250576
13.65460905
13.68467853
13.71547678
13.74705799
13.77942434
13.81247339
13.84620759
13.88041935
13.91490037
13.94933614
13.98362178
14.01744082
14.05295686
14.1018321
14.14992384
14.19728238
14.24390534
14.28984389
14.33530985
14.38046293
14.42562446
14.47095678
14.51662318
14.56246522
14.60826962
14.65387569
14.6991758
14.74427813
14.78923734
14.83427119
14.87921824
14.9239161
14.96814693
15.01174631
15.05465839
15.09693661
15.13868956
15.18008121
15.22133109
15.26271459
15.30478313
15.34792556
15.39264333
15.43905498
15.48694888
15.5361127
15.58605517
15.63633678
15.68651427
15.73619645
15.78515701
15.833168
15.88028128
15.92654942
15.9723642
16.01812007
16.06427066
16.1112159
16.15896096
16.20745428
16.25630184
16.30522088
16.35381182
16.4019015
16.44943047
16.49628141
16.54227863
16.58736109
16.6314098
16.67436338
16.71616057
16.7567983
16.79644824
16.83522488
16.87347608
16.9115508
16.9498573
16.98863012
17.02798789
17.06799132
17.10846762
17.14941901
17.19084779
17.232815
17.27555832
17.31919913
17.36385975
17.40960452
17.45638036
17.50419338
17.55316875
17.60361142
17.66199566
17.72888661
17.79853693
17.87091694
17.94575641
18.02259992
18.10067978
18.17946027
18.25845754
18.33767415
18.41711263
18.49721291
18.57823472
18.66019043
18.74290256
18.82587176
18.90839701
18.98995679
19.0700849
19.14837244
19.22473039
19.29867771
19.36985922
19.43752273
19.50137218
19.56124516
19.61757893
19.67115019
19.7233416
19.77521256
19.82809543
19.88259676
19.93906028
19.99696198
20.05557274
20.11334972
20.16893993
20.22084652
20.26776985
20.308682
20.34290094
20.37002765
20.39008309
20.40364058
20.41208608
20.41720055
20.42121442
20.4261983
20.43366759
20.44465929
20.45927964
20.47730859
20.49833402
20.52214626
20.54873606
20.57855573
20.61212512
20.65022997
20.69353106
20.74256705
20.79769087
20.85920233
20.92715041
21.00186201
21.08368079
21.17317062
21.27071858
21.37680415
21.49131973
21.61396325
21.74436705
21.88237294
22.0283237
22.18351869
22.34983453
22.52962217
22.72508225
22.93842471
23.17142635
23.42580185
23.71798458
24.03756621
24.38371564
24.75746644
25.15919542
25.58887651
26.04552405
26.52798686
27.03530253
27.56671692
28.12203966
28.70174638
29.30663616
29.93752479
30.59549327
31.28101266
31.99504064
32.73826264
33.51162134
34.31574378
35.15086146
36.01705751
36.91316253
37.83759099
38.78749142
39.75910855
40.74786356
41.74691894
42.74891058
43.74431504
44.7235082
45.67543838
46.58901698
47.45428897
48.26145277
49.00384069
49.67606064
50.27705993
50.80799545
51.27327942
51.67998084
52.03609919
52.35139333
52.63353901
52.89129935
53.13034653
53.35654169
53.57313435
53.7831061
53.98845557
54.19052045
54.38996023
54.58779982
54.78401818
54.97895038
55.17293721
55.36632504
55.55838606
55.74982669
55.94063903
56.13081518
56.32034733
56.5099606
56.69928728
